Results of input files:
Flight data: flt_data_LINE-61m.txt
Radio data: sdr_data_LINE-61m.dat



645 radio pulses found at 784 Hz from center frequency
Expected approximately 868 pulses for a 18.81 minute flight.
Waypoints found: 6
Strongest pulse found at [x,y] = [69.74621      294.5379]
	 	 	 [lat lon] = [34.90972     -111.4355] 
	 	 	 [range bearing] = [302.6832      76.67782] [meters, degrees-N]) 
LOCALIZATION RESULTS: 
 
Method  Dist.(m) Deg-N	Lat	 	Lon	 	x(m)	y(m)
 -----------------------------------------------------------------------
MEDIAN  575.7 	 133.4 	 34.90553259 	 -111.43415743 	 -395.6 	 418.3 
    CM  575.2 	 133.4 	 34.90553936 	 -111.43415772 	 -394.9 	 418.2 
   MLE  576.2 	 133.5 	 34.90552662 	 -111.43415730 	 -396.3 	 418.3 
   RMR  576.1 	 133.3 	 34.90553856 	 -111.43414448 	 -394.9 	 419.4 
  MEST  576.2 	 133.5 	 34.90552593 	 -111.43415756 	 -396.4 	 418.2 

 
 
WAYPOINT DATA LIST: 
 
#  DOA(deg-N)	WP RSS	Lat	 	Lon	 	 x(m)	 	y(m)	 	Alt(m)	WP t_0	 	WP t_end 
 ------------------------------------------------------------------------------------------------------------------------
 1 134.02 	 0.3 	 34.90909032 	 -111.43871001 	    -0.0 	     3.1 	 58.4 	   54.90 	  145.50
 2 142.88 	 0.7 	 34.90928995 	 -111.43760030 	    22.2 	   104.3 	 60.9 	  167.41 	  253.51
 3 153.33 	 0.8 	 34.90951064 	 -111.43654970 	    46.7 	   200.1 	 59.9 	  274.70 	  360.50
 4 165.44 	 1.0 	 34.90971999 	 -111.43551053 	    70.0 	   294.9 	 61.3 	  381.61 	  467.41
 5 177.29 	 0.8 	 34.90992045 	 -111.43444019 	    92.3 	   392.5 	 60.6 	  488.91 	  574.81
 6 -172.20 	 0.7 	 34.91017054 	 -111.43335995 	   120.1 	   491.0 	 61.5 	  596.41 	  682.41

 
 
RECEIVED PULSE DATA LIST: 
 
#	Time(s)	Pow-mW	 	Lat	 	Lon	 	 x(m)	 	y(m)	 	Alt(m) 
 ------------------------------------------------------------------------------------------------------------------------
    1    1.08 	 1.95e-08 	 34.90909036 	 -111.43874410 	    -0.0 	    -0.0 	 -2.3
    2    6.00 	 2.29e-08 	 34.90908960 	 -111.43874410 	    -0.1 	    -0.0 	 -2.1
    3   14.02 	 2.17e-08 	 34.90908649 	 -111.43874410 	    -0.4 	    -0.0 	 -2.1
    4   18.40 	 1.81e-08 	 34.90908580 	 -111.43874410 	    -0.5 	    -0.1 	 -1.9
    5   26.30 	 2.39e-08 	 34.90908336 	 -111.43874666 	    -0.8 	    -0.3 	 0.1
    6   34.52 	 6.94e-08 	 34.90908540 	 -111.43873966 	    -0.6 	     0.4 	 6.5
    7   37.00 	 1.64e-07 	 34.90908581 	 -111.43873837 	    -0.5 	     0.5 	 12.1
    8   38.24 	 6.46e-08 	 34.90908872 	 -111.43873966 	    -0.2 	     0.4 	 15.2
    9   39.50 	 7.75e-08 	 34.90908835 	 -111.43873966 	    -0.2 	     0.4 	 17.9
   10   40.74 	 6.65e-08 	 34.90908764 	 -111.43873966 	    -0.3 	     0.4 	 19.9
   11   41.98 	 8.36e-08 	 34.90908711 	 -111.43873837 	    -0.4 	     0.6 	 22.3
   12   43.24 	 9.44e-08 	 34.90908713 	 -111.43873600 	    -0.4 	     0.7 	 25.0
   13   44.48 	 1.94e-07 	 34.90908760 	 -111.43873418 	    -0.3 	     0.9 	 27.8
   14   45.72 	 2.52e-07 	 34.90908806 	 -111.43873104 	    -0.3 	     1.2 	 30.7
   15   46.98 	 1.65e-07 	 34.90908929 	 -111.43872917 	    -0.1 	     1.4 	 33.5
   16   50.70 	 1.39e-07 	 34.90908955 	 -111.43872250 	    -0.1 	     2.0 	 41.6
   17   51.96 	 1.97e-07 	 34.90908906 	 -111.43871886 	    -0.1 	     2.3 	 44.3
   18   53.20 	 2.84e-07 	 34.90908920 	 -111.43871638 	    -0.1 	     2.5 	 47.1
   19   54.44 	 3.49e-07 	 34.90908912 	 -111.43871378 	    -0.1 	     2.8 	 50.0
   20   55.70 	 3.66e-07 	 34.90908920 	 -111.43871129 	    -0.1 	     3.0 	 52.6
   21   56.94 	 3.59e-07 	 34.90909067 	 -111.43870888 	     0.0 	     3.2 	 55.3
   22   58.18 	 3.17e-07 	 34.90909259 	 -111.43870440 	     0.2 	     3.6 	 58.2
   23   59.44 	 1.18e-06 	 34.90909138 	 -111.43870751 	     0.1 	     3.3 	 59.5
   24   60.68 	 3.31e-06 	 34.90909083 	 -111.43871119 	     0.0 	     3.0 	 59.7
   25   61.92 	 4.69e-06 	 34.90909094 	 -111.43871169 	     0.1 	     3.0 	 59.8
   26   63.18 	 2.35e-06 	 34.90909098 	 -111.43871139 	     0.1 	     3.0 	 59.8
   27   64.42 	 2.62e-07 	 34.90909109 	 -111.43871169 	     0.1 	     3.0 	 59.8
   28   65.66 	 1.13e-07 	 34.90909088 	 -111.43871119 	     0.1 	     3.0 	 59.8
   29   66.92 	 2.13e-07 	 34.90909154 	 -111.43871040 	     0.1 	     3.1 	 60.0
   30   68.16 	 1.15e-07 	 34.90909148 	 -111.43870982 	     0.1 	     3.1 	 59.9
   31   69.40 	 1.07e-07 	 34.90909140 	 -111.43870973 	     0.1 	     3.1 	 59.4
   32   73.14 	 4.18e-07 	 34.90908891 	 -111.43871011 	    -0.2 	     3.1 	 57.5
   33   74.40 	 2.05e-06 	 34.90908800 	 -111.43870897 	    -0.3 	     3.2 	 58.0
   34   75.64 	 4.02e-06 	 34.90908980 	 -111.43870897 	    -0.1 	     3.2 	 59.0
   35   76.88 	 3.58e-06 	 34.90909026 	 -111.43871200 	    -0.0 	     2.9 	 59.1
   36   78.14 	 1.08e-06 	 34.90909126 	 -111.43871314 	     0.1 	     2.8 	 59.1
   37   80.62 	 2.10e-07 	 34.90908960 	 -111.43871060 	    -0.1 	     3.1 	 59.2
   38   81.88 	 1.59e-07 	 34.90909035 	 -111.43871050 	    -0.0 	     3.1 	 59.2
   39   86.86 	 1.64e-07 	 34.90908803 	 -111.43871169 	    -0.3 	     3.0 	 59.0
   40   88.10 	 8.86e-07 	 34.90908815 	 -111.43870992 	    -0.3 	     3.1 	 58.9
   41   89.34 	 3.13e-06 	 34.90908963 	 -111.43870787 	    -0.1 	     3.3 	 58.9
   42   90.58 	 4.16e-06 	 34.90909157 	 -111.43871001 	     0.1 	     3.1 	 58.8
   43   91.82 	 2.09e-06 	 34.90909135 	 -111.43870944 	     0.1 	     3.2 	 58.7
   44   93.08 	 5.32e-07 	 34.90909188 	 -111.43871060 	     0.2 	     3.1 	 58.5
   45   95.56 	 2.02e-07 	 34.90909114 	 -111.43871109 	     0.1 	     3.0 	 58.4
   46   98.06 	 9.89e-08 	 34.90909057 	 -111.43870897 	     0.0 	     3.2 	 58.3
   47   99.30 	 1.18e-07 	 34.90908895 	 -111.43870760 	    -0.2 	     3.3 	 58.2
   48  100.54 	 7.50e-08 	 34.90908830 	 -111.43870814 	    -0.2 	     3.3 	 57.9
   49  101.78 	 4.90e-07 	 34.90908840 	 -111.43871089 	    -0.2 	     3.0 	 57.9
   50  103.04 	 1.88e-06 	 34.90908801 	 -111.43871060 	    -0.3 	     3.1 	 57.9
   51  104.28 	 3.22e-06 	 34.90908881 	 -111.43871060 	    -0.2 	     3.1 	 58.0
   52  105.52 	 3.98e-06 	 34.90909002 	 -111.43871109 	    -0.0 	     3.0 	 58.1
   53  106.76 	 1.44e-06 	 34.90909103 	 -111.43871210 	     0.1 	     2.9 	 58.1
   54  108.02 	 1.18e-07 	 34.90909330 	 -111.43871210 	     0.3 	     2.9 	 58.2
   55  109.26 	 2.32e-07 	 34.90909143 	 -111.43871189 	     0.1 	     2.9 	 58.2
   56  110.50 	 1.74e-07 	 34.90909185 	 -111.43871210 	     0.2 	     2.9 	 58.1
   57  111.76 	 9.32e-08 	 34.90909024 	 -111.43871030 	    -0.0 	     3.1 	 58.0
   58  112.98 	 1.03e-07 	 34.90908988 	 -111.43870860 	    -0.1 	     3.2 	 58.1
   59  114.24 	 1.03e-07 	 34.90909062 	 -111.43870769 	     0.0 	     3.3 	 58.0
   60  115.48 	 7.58e-08 	 34.90909177 	 -111.43870851 	     0.2 	     3.2 	 58.0
   61  116.72 	 6.24e-07 	 34.90909155 	 -111.43870860 	     0.1 	     3.2 	 58.3
   62  117.96 	 2.70e-06 	 34.90909016 	 -111.43870906 	    -0.0 	     3.2 	 58.2
   63  119.22 	 3.41e-06 	 34.90908808 	 -111.43871119 	    -0.3 	     3.0 	 58.0
   64  120.46 	 2.67e-06 	 34.90908860 	 -111.43871314 	    -0.2 	     2.8 	 58.0
   65  121.70 	 5.94e-07 	 34.90908830 	 -111.43871378 	    -0.2 	     2.8 	 58.0
   66  122.96 	 8.85e-08 	 34.90908900 	 -111.43871069 	    -0.2 	     3.0 	 58.1
   67  124.20 	 2.32e-07 	 34.90909000 	 -111.43870897 	    -0.0 	     3.2 	 58.2
   68  125.28 	 1.03e-07 	 34.90908994 	 -111.43870733 	    -0.1 	     3.4 	 58.2
   69  127.92 	 9.04e-08 	 34.90908994 	 -111.43870778 	    -0.1 	     3.3 	 58.1
   70  130.42 	 1.28e-07 	 34.90908841 	 -111.43870992 	    -0.2 	     3.1 	 58.2
   71  131.66 	 1.21e-06 	 34.90908857 	 -111.43870888 	    -0.2 	     3.2 	 58.2
   72  132.92 	 3.58e-06 	 34.90908905 	 -111.43870814 	    -0.1 	     3.3 	 58.1
   73  134.14 	 4.13e-06 	 34.90908953 	 -111.43870851 	    -0.1 	     3.2 	 58.1
   74  135.40 	 1.83e-06 	 34.90909060 	 -111.43870935 	     0.0 	     3.2 	 58.1
   75  137.88 	 2.01e-07 	 34.90909276 	 -111.43871314 	     0.3 	     2.8 	 58.1
   76  139.12 	 1.99e-07 	 34.90909234 	 -111.43871282 	     0.2 	     2.9 	 58.1
   77  140.38 	 1.04e-07 	 34.90909113 	 -111.43871119 	     0.1 	     3.0 	 58.1
   78  142.86 	 1.34e-07 	 34.90909058 	 -111.43870679 	     0.0 	     3.4 	 58.1
   79  144.10 	 8.09e-08 	 34.90909065 	 -111.43870635 	     0.0 	     3.4 	 58.1
   80  145.36 	 3.77e-07 	 34.90909081 	 -111.43870906 	     0.0 	     3.2 	 58.1
   81  146.60 	 2.55e-07 	 34.90909110 	 -111.43870375 	     0.1 	     3.7 	 58.1
   82  147.84 	 8.34e-07 	 34.90909265 	 -111.43867872 	     0.3 	     6.0 	 58.0
   83  149.08 	 8.19e-07 	 34.90909785 	 -111.43863961 	     0.8 	     9.5 	 58.1
   84  150.32 	 6.36e-07 	 34.90910618 	 -111.43858799 	     1.8 	    14.2 	 58.4
   85  151.56 	 8.77e-07 	 34.90912001 	 -111.43852196 	     3.3 	    20.3 	 58.7
   86  152.82 	 7.09e-07 	 34.90913521 	 -111.43844700 	     5.0 	    27.1 	 59.1
   87  154.06 	 1.17e-06 	 34.90915086 	 -111.43836605 	     6.7 	    34.5 	 59.5
   88  155.30 	 1.02e-06 	 34.90916729 	 -111.43828399 	     8.5 	    42.0 	 59.8
   89  156.54 	 1.20e-06 	 34.90918421 	 -111.43819442 	    10.4 	    50.1 	 60.1
   90  157.78 	 1.11e-06 	 34.90920128 	 -111.43810394 	    12.3 	    58.4 	 60.4
   91  159.04 	 1.04e-06 	 34.90921886 	 -111.43800774 	    14.3 	    67.1 	 60.7
   92  160.28 	 1.21e-06 	 34.90923478 	 -111.43791178 	    16.1 	    75.9 	 60.9
   93  161.52 	 1.02e-06 	 34.90924918 	 -111.43782438 	    17.7 	    83.9 	 61.1
   94  162.76 	 1.19e-06 	 34.90926427 	 -111.43774523 	    19.3 	    91.1 	 61.2
   95  164.00 	 8.60e-07 	 34.90927620 	 -111.43768450 	    20.7 	    96.6 	 61.2
   96  167.74 	 5.67e-06 	 34.90928884 	 -111.43761029 	    22.1 	   103.4 	 61.3
   97  168.98 	 9.68e-06 	 34.90928891 	 -111.43760677 	    22.1 	   103.7 	 61.3
   98  170.22 	 5.46e-06 	 34.90928981 	 -111.43760531 	    22.2 	   103.8 	 61.2
   99  171.46 	 1.29e-06 	 34.90929121 	 -111.43760458 	    22.3 	   103.9 	 61.3
  100  172.70 	 9.25e-08 	 34.90929046 	 -111.43760281 	    22.2 	   104.1 	 61.4
  101  173.96 	 5.13e-07 	 34.90929114 	 -111.43760172 	    22.3 	   104.2 	 61.4
  102  175.20 	 1.67e-07 	 34.90929201 	 -111.43760041 	    22.4 	   104.3 	 61.4
  103  176.44 	 1.19e-07 	 34.90929149 	 -111.43759906 	    22.4 	   104.4 	 61.3
  104  177.68 	 1.62e-07 	 34.90929014 	 -111.43759843 	    22.2 	   104.5 	 61.2
  105  178.92 	 1.13e-07 	 34.90928909 	 -111.43760006 	    22.1 	   104.3 	 61.3
  106  180.16 	 2.64e-07 	 34.90928776 	 -111.43759935 	    21.9 	   104.4 	 61.2
  107  181.40 	 2.54e-06 	 34.90928721 	 -111.43759830 	    21.9 	   104.5 	 61.3
  108  182.66 	 6.97e-06 	 34.90928734 	 -111.43759883 	    21.9 	   104.4 	 61.2
  109  183.90 	 6.48e-06 	 34.90928806 	 -111.43760010 	    22.0 	   104.3 	 61.2
  110  185.14 	 3.15e-06 	 34.90928941 	 -111.43760220 	    22.1 	   104.1 	 61.2
  111  186.38 	 3.49e-07 	 34.90929038 	 -111.43760203 	    22.2 	   104.1 	 61.4
  112  187.62 	 1.80e-07 	 34.90929213 	 -111.43760130 	    22.4 	   104.2 	 61.4
  113  188.86 	 3.35e-07 	 34.90929361 	 -111.43760095 	    22.6 	   104.2 	 61.5
  114  190.12 	 2.10e-07 	 34.90929283 	 -111.43759920 	    22.5 	   104.4 	 61.4
  115  191.36 	 1.33e-07 	 34.90929095 	 -111.43760082 	    22.3 	   104.3 	 61.5
  116  195.00 	 9.82e-08 	 34.90928841 	 -111.43759790 	    22.0 	   104.5 	 61.1
  117  196.32 	 3.54e-06 	 34.90928882 	 -111.43759560 	    22.1 	   104.7 	 61.1
  118  197.56 	 8.89e-06 	 34.90928946 	 -111.43759748 	    22.1 	   104.6 	 61.1
  119  198.82 	 6.91e-06 	 34.90929002 	 -111.43760023 	    22.2 	   104.3 	 61.1
  120  200.06 	 1.96e-06 	 34.90929053 	 -111.43760167 	    22.3 	   104.2 	 61.2
  121  202.54 	 3.45e-07 	 34.90929187 	 -111.43760097 	    22.4 	   104.2 	 61.4
  122  203.78 	 3.30e-07 	 34.90929178 	 -111.43760123 	    22.4 	   104.2 	 61.2
  123  205.02 	 1.89e-07 	 34.90929079 	 -111.43759979 	    22.3 	   104.3 	 60.8
  124  207.52 	 1.13e-07 	 34.90928985 	 -111.43759876 	    22.2 	   104.4 	 59.6
  125  208.76 	 8.32e-08 	 34.90928795 	 -111.43759754 	    22.0 	   104.6 	 59.3
  126  210.00 	 1.98e-06 	 34.90928681 	 -111.43759830 	    21.8 	   104.5 	 60.1
  127  211.24 	 6.10e-06 	 34.90928837 	 -111.43760090 	    22.0 	   104.2 	 60.8
  128  212.50 	 8.43e-06 	 34.90928941 	 -111.43760040 	    22.1 	   104.3 	 61.0
  129  213.74 	 4.15e-06 	 34.90928914 	 -111.43760187 	    22.1 	   104.2 	 61.1
  130  214.98 	 5.38e-07 	 34.90928872 	 -111.43760288 	    22.1 	   104.1 	 61.2
  131  216.22 	 1.46e-07 	 34.90928975 	 -111.43760482 	    22.2 	   103.9 	 61.3
  132  217.46 	 4.88e-07 	 34.90929226 	 -111.43760317 	    22.4 	   104.0 	 61.1
  133  218.72 	 1.18e-07 	 34.90929274 	 -111.43760103 	    22.5 	   104.2 	 61.1
  134  219.96 	 1.49e-07 	 34.90929161 	 -111.43759880 	    22.4 	   104.4 	 60.9
  135  224.94 	 4.02e-06 	 34.90928724 	 -111.43759694 	    21.9 	   104.6 	 60.8
  136  226.18 	 8.11e-06 	 34.90928631 	 -111.43759698 	    21.8 	   104.6 	 60.8
  137  227.42 	 8.11e-06 	 34.90928716 	 -111.43759917 	    21.9 	   104.4 	 60.9
  138  228.66 	 2.44e-06 	 34.90928982 	 -111.43760133 	    22.2 	   104.2 	 60.9
  139  229.90 	 1.41e-07 	 34.90929056 	 -111.43760086 	    22.3 	   104.2 	 61.0
  140  231.14 	 2.29e-07 	 34.90929247 	 -111.43760116 	    22.5 	   104.2 	 61.0
  141  232.40 	 2.68e-07 	 34.90929311 	 -111.43760090 	    22.5 	   104.2 	 60.8
  142  233.64 	 1.95e-07 	 34.90929171 	 -111.43760018 	    22.4 	   104.3 	 60.8
  143  234.88 	 1.87e-07 	 34.90929137 	 -111.43760001 	    22.3 	   104.3 	 60.6
  144  236.12 	 1.42e-07 	 34.90928989 	 -111.43760106 	    22.2 	   104.2 	 60.5
  145  237.36 	 9.46e-08 	 34.90928807 	 -111.43760046 	    22.0 	   104.3 	 60.3
  146  238.62 	 1.49e-06 	 34.90928731 	 -111.43759841 	    21.9 	   104.5 	 60.4
  147  239.86 	 6.18e-06 	 34.90928722 	 -111.43760073 	    21.9 	   104.3 	 60.5
  148  241.10 	 9.60e-06 	 34.90928705 	 -111.43760243 	    21.9 	   104.1 	 60.4
  149  242.34 	 5.78e-06 	 34.90928825 	 -111.43760278 	    22.0 	   104.1 	 60.4
  150  243.58 	 1.14e-06 	 34.90928959 	 -111.43760155 	    22.1 	   104.2 	 60.4
  151  244.82 	 1.17e-07 	 34.90929102 	 -111.43760120 	    22.3 	   104.2 	 60.6
  152  246.08 	 5.51e-07 	 34.90929165 	 -111.43760049 	    22.4 	   104.3 	 60.7
  153  247.32 	 1.87e-07 	 34.90929191 	 -111.43759933 	    22.4 	   104.4 	 60.5
  154  248.56 	 1.85e-07 	 34.90929160 	 -111.43759722 	    22.4 	   104.6 	 60.5
  155  253.52 	 1.68e-06 	 34.90928853 	 -111.43759549 	    22.0 	   104.7 	 61.1
  156  254.76 	 1.77e-06 	 34.90929169 	 -111.43758819 	    22.4 	   105.4 	 61.0
  157  256.00 	 8.38e-07 	 34.90929771 	 -111.43756260 	    23.1 	   107.7 	 61.0
  158  257.26 	 1.12e-06 	 34.90930482 	 -111.43752138 	    23.8 	   111.5 	 61.0
  159  258.50 	 7.61e-07 	 34.90931580 	 -111.43746638 	    25.1 	   116.5 	 61.0
  160  259.74 	 9.48e-07 	 34.90933116 	 -111.43739705 	    26.8 	   122.8 	 61.0
  161  260.98 	 6.42e-07 	 34.90934708 	 -111.43731987 	    28.5 	   129.9 	 61.0
  162  262.22 	 7.14e-07 	 34.90936500 	 -111.43723805 	    30.5 	   137.3 	 61.0
  163  263.46 	 6.65e-07 	 34.90938294 	 -111.43715597 	    32.5 	   144.8 	 61.0
  164  264.70 	 7.87e-07 	 34.90940186 	 -111.43706540 	    34.6 	   153.1 	 61.1
  165  265.94 	 4.53e-07 	 34.90942163 	 -111.43696592 	    36.8 	   162.1 	 61.1
  166  268.42 	 5.75e-07 	 34.90945889 	 -111.43678437 	    41.0 	   178.7 	 61.3
  167  269.66 	 6.08e-07 	 34.90947562 	 -111.43671131 	    42.8 	   185.4 	 61.3
  168  270.90 	 3.63e-07 	 34.90949012 	 -111.43664891 	    44.4 	   191.1 	 61.3
  169  272.16 	 6.03e-07 	 34.90950242 	 -111.43659768 	    45.8 	   195.7 	 61.5
  170  273.40 	 6.32e-07 	 34.90950800 	 -111.43656791 	    46.4 	   198.4 	 61.5
  171  274.64 	 3.31e-06 	 34.90950895 	 -111.43656310 	    46.5 	   198.9 	 61.5
  172  275.88 	 1.02e-05 	 34.90951148 	 -111.43655879 	    46.8 	   199.3 	 61.4
  173  277.12 	 1.03e-05 	 34.90951158 	 -111.43655705 	    46.8 	   199.4 	 61.2
  174  278.36 	 5.05e-06 	 34.90951040 	 -111.43655495 	    46.7 	   199.6 	 60.6
  175  280.84 	 2.15e-07 	 34.90950924 	 -111.43655316 	    46.6 	   199.8 	 60.7
  176  282.08 	 5.88e-07 	 34.90951065 	 -111.43654887 	    46.7 	   200.2 	 60.9
  177  283.32 	 1.76e-07 	 34.90951182 	 -111.43654595 	    46.9 	   200.4 	 60.9
  178  284.58 	 1.79e-07 	 34.90951065 	 -111.43654352 	    46.7 	   200.7 	 60.8
  179  285.80 	 1.12e-07 	 34.90950882 	 -111.43654530 	    46.5 	   200.5 	 60.5
  180  288.28 	 9.14e-07 	 34.90951171 	 -111.43655068 	    46.8 	   200.0 	 60.1
  181  289.54 	 5.82e-06 	 34.90950782 	 -111.43655060 	    46.4 	   200.0 	 60.2
  182  290.78 	 1.11e-05 	 34.90950719 	 -111.43654966 	    46.3 	   200.1 	 60.1
  183  292.02 	 9.03e-06 	 34.90950914 	 -111.43654911 	    46.6 	   200.2 	 59.8
  184  293.26 	 2.17e-06 	 34.90951088 	 -111.43655172 	    46.8 	   199.9 	 59.8
  185  294.50 	 1.19e-07 	 34.90951226 	 -111.43655112 	    46.9 	   200.0 	 59.9
  186  295.74 	 4.67e-07 	 34.90951302 	 -111.43654817 	    47.0 	   200.2 	 60.0
  187  296.98 	 4.09e-07 	 34.90951387 	 -111.43654691 	    47.1 	   200.4 	 60.0
  188  298.22 	 1.34e-07 	 34.90951411 	 -111.43654660 	    47.1 	   200.4 	 59.5
  189  299.48 	 2.33e-07 	 34.90951283 	 -111.43654596 	    47.0 	   200.4 	 59.1
  190  300.70 	 3.27e-07 	 34.90951277 	 -111.43654621 	    47.0 	   200.4 	 59.0
  191  301.94 	 1.99e-07 	 34.90951245 	 -111.43654664 	    46.9 	   200.4 	 58.0
  192  303.18 	 1.82e-06 	 34.90951304 	 -111.43654697 	    47.0 	   200.3 	 58.8
  193  304.44 	 8.11e-06 	 34.90951067 	 -111.43654861 	    46.7 	   200.2 	 59.1
  194  305.68 	 1.20e-05 	 34.90950713 	 -111.43654983 	    46.3 	   200.1 	 59.4
  195  306.92 	 6.78e-06 	 34.90950863 	 -111.43655217 	    46.5 	   199.9 	 59.6
  196  308.16 	 1.08e-06 	 34.90951034 	 -111.43655205 	    46.7 	   199.9 	 59.9
  197  309.40 	 1.55e-07 	 34.90951032 	 -111.43655159 	    46.7 	   199.9 	 60.1
  198  310.64 	 5.04e-07 	 34.90951136 	 -111.43655059 	    46.8 	   200.0 	 60.1
  199  311.88 	 1.83e-07 	 34.90951255 	 -111.43654875 	    46.9 	   200.2 	 59.9
  200  313.12 	 1.85e-07 	 34.90951198 	 -111.43654939 	    46.9 	   200.1 	 59.8
  201  314.36 	 1.68e-07 	 34.90950887 	 -111.43654931 	    46.5 	   200.1 	 59.8
  202  315.60 	 1.21e-07 	 34.90951019 	 -111.43654813 	    46.7 	   200.2 	 59.3
  203  316.84 	 5.45e-07 	 34.90951058 	 -111.43654627 	    46.7 	   200.4 	 57.5
  204  318.10 	 3.57e-06 	 34.90951071 	 -111.43654650 	    46.7 	   200.4 	 56.3
  205  319.34 	 1.01e-05 	 34.90951042 	 -111.43654688 	    46.7 	   200.4 	 56.8
  206  320.58 	 9.64e-06 	 34.90951042 	 -111.43654829 	    46.7 	   200.2 	 58.2
  207  321.82 	 3.70e-06 	 34.90951163 	 -111.43655032 	    46.8 	   200.0 	 59.2
  208  323.06 	 2.21e-07 	 34.90951179 	 -111.43654995 	    46.9 	   200.1 	 59.7
  209  324.30 	 2.97e-07 	 34.90951062 	 -111.43654971 	    46.7 	   200.1 	 60.0
  210  325.56 	 3.14e-07 	 34.90951034 	 -111.43654981 	    46.7 	   200.1 	 60.0
  211  326.80 	 1.45e-07 	 34.90951131 	 -111.43655010 	    46.8 	   200.1 	 59.5
  212  328.04 	 2.06e-07 	 34.90950995 	 -111.43654911 	    46.7 	   200.2 	 59.0
  213  329.28 	 2.48e-07 	 34.90950838 	 -111.43654881 	    46.5 	   200.2 	 59.4
  214  330.52 	 1.87e-07 	 34.90950886 	 -111.43655045 	    46.5 	   200.0 	 59.8
  215  331.76 	 1.57e-06 	 34.90950912 	 -111.43655053 	    46.6 	   200.0 	 59.9
  216  333.02 	 7.64e-06 	 34.90950774 	 -111.43654982 	    46.4 	   200.1 	 60.0
  217  334.26 	 1.10e-05 	 34.90950892 	 -111.43655076 	    46.5 	   200.0 	 59.9
  218  335.50 	 7.55e-06 	 34.90950852 	 -111.43655106 	    46.5 	   200.0 	 60.0
  219  336.74 	 1.90e-06 	 34.90951008 	 -111.43655326 	    46.7 	   199.8 	 60.0
  220  338.00 	 7.50e-08 	 34.90950952 	 -111.43655331 	    46.6 	   199.8 	 60.2
  221  339.24 	 4.77e-07 	 34.90950959 	 -111.43655010 	    46.6 	   200.1 	 60.3
  222  340.48 	 2.48e-07 	 34.90951274 	 -111.43654750 	    47.0 	   200.3 	 60.2
  223  341.72 	 1.75e-07 	 34.90951412 	 -111.43654649 	    47.1 	   200.4 	 60.2
  224  342.96 	 1.26e-07 	 34.90951276 	 -111.43654543 	    47.0 	   200.5 	 60.4
  225  345.46 	 3.37e-07 	 34.90951075 	 -111.43654814 	    46.7 	   200.2 	 60.5
  226  346.70 	 3.58e-06 	 34.90950838 	 -111.43654841 	    46.5 	   200.2 	 60.3
  227  347.94 	 1.00e-05 	 34.90950706 	 -111.43654991 	    46.3 	   200.1 	 60.2
  228  349.18 	 1.11e-05 	 34.90950751 	 -111.43655159 	    46.4 	   199.9 	 60.1
  229  350.42 	 3.89e-06 	 34.90951054 	 -111.43655351 	    46.7 	   199.8 	 60.0
  230  351.68 	 4.59e-07 	 34.90951146 	 -111.43655359 	    46.8 	   199.7 	 60.3
  231  352.92 	 3.41e-07 	 34.90951116 	 -111.43655169 	    46.8 	   199.9 	 60.5
  232  354.16 	 4.83e-07 	 34.90951107 	 -111.43654967 	    46.8 	   200.1 	 60.6
  233  355.42 	 1.99e-07 	 34.90951341 	 -111.43654930 	    47.0 	   200.1 	 60.4
  234  356.66 	 2.27e-07 	 34.90951156 	 -111.43654838 	    46.8 	   200.2 	 60.4
  235  357.90 	 2.52e-07 	 34.90951220 	 -111.43654840 	    46.9 	   200.2 	 60.4
  236  359.14 	 8.72e-08 	 34.90951008 	 -111.43654744 	    46.7 	   200.3 	 60.6
  237  360.38 	 9.60e-07 	 34.90951013 	 -111.43654858 	    46.7 	   200.2 	 60.7
  238  361.62 	 6.78e-07 	 34.90951103 	 -111.43654250 	    46.8 	   200.8 	 60.8
  239  362.88 	 2.08e-07 	 34.90951406 	 -111.43651663 	    47.1 	   203.1 	 60.8
  240  366.60 	 3.53e-07 	 34.90954562 	 -111.43635801 	    50.6 	   217.6 	 60.7
  241  367.86 	 3.29e-07 	 34.90956206 	 -111.43628283 	    52.4 	   224.4 	 60.8
  242  369.10 	 2.86e-07 	 34.90957923 	 -111.43620181 	    54.4 	   231.8 	 60.8
  243  370.34 	 2.51e-07 	 34.90959649 	 -111.43611702 	    56.3 	   239.6 	 60.9
  244  371.58 	 3.39e-07 	 34.90961453 	 -111.43602782 	    58.3 	   247.7 	 60.9
  245  372.84 	 2.41e-07 	 34.90963352 	 -111.43593470 	    60.4 	   256.2 	 60.9
  246  374.08 	 2.54e-07 	 34.90965280 	 -111.43583943 	    62.5 	   264.9 	 61.0
  247  375.32 	 1.74e-07 	 34.90967037 	 -111.43575223 	    64.5 	   272.8 	 61.1
  248  376.58 	 1.10e-07 	 34.90968774 	 -111.43566987 	    66.4 	   280.3 	 61.1
  249  377.82 	 2.01e-07 	 34.90970134 	 -111.43560761 	    67.9 	   286.0 	 61.2
  250  379.06 	 2.19e-07 	 34.90971256 	 -111.43555960 	    69.2 	   290.4 	 61.2
  251  380.30 	 1.77e-07 	 34.90971970 	 -111.43552857 	    70.0 	   293.2 	 61.3
  252  381.56 	 2.56e-06 	 34.90971907 	 -111.43552101 	    69.9 	   293.9 	 61.2
  253  382.80 	 8.80e-06 	 34.90971754 	 -111.43551931 	    69.7 	   294.1 	 61.1
  254  384.04 	 1.42e-05 	 34.90971764 	 -111.43551403 	    69.7 	   294.5 	 61.0
  255  385.30 	 7.95e-06 	 34.90972019 	 -111.43551486 	    70.0 	   294.5 	 60.8
  256  386.54 	 1.80e-06 	 34.90972268 	 -111.43551528 	    70.3 	   294.4 	 60.9
  257  389.02 	 5.23e-07 	 34.90972342 	 -111.43551238 	    70.4 	   294.7 	 60.9
  258  390.28 	 2.90e-07 	 34.90972214 	 -111.43550995 	    70.2 	   294.9 	 60.9
  259  391.52 	 1.57e-07 	 34.90972011 	 -111.43550764 	    70.0 	   295.1 	 61.0
  260  396.50 	 5.69e-06 	 34.90971860 	 -111.43551015 	    69.9 	   294.9 	 61.0
  261  397.74 	 1.23e-05 	 34.90971669 	 -111.43551081 	    69.6 	   294.8 	 60.9
  262  399.00 	 1.32e-05 	 34.90971594 	 -111.43551151 	    69.6 	   294.8 	 60.9
  263  400.24 	 4.79e-06 	 34.90971988 	 -111.43551336 	    70.0 	   294.6 	 60.9
  264  401.48 	 4.11e-07 	 34.90972121 	 -111.43551309 	    70.1 	   294.6 	 61.1
  265  402.74 	 4.76e-07 	 34.90972201 	 -111.43551084 	    70.2 	   294.8 	 61.2
  266  403.98 	 5.65e-07 	 34.90972204 	 -111.43550942 	    70.2 	   295.0 	 61.1
  267  405.22 	 3.00e-07 	 34.90972230 	 -111.43551080 	    70.3 	   294.8 	 61.1
  268  406.48 	 1.81e-07 	 34.90972026 	 -111.43551001 	    70.0 	   294.9 	 61.0
  269  407.72 	 2.92e-07 	 34.90971929 	 -111.43551067 	    69.9 	   294.8 	 61.0
  270  408.96 	 1.56e-07 	 34.90971809 	 -111.43551053 	    69.8 	   294.9 	 61.0
  271  410.20 	 1.60e-06 	 34.90971774 	 -111.43551031 	    69.8 	   294.9 	 60.9
  272  411.46 	 8.37e-06 	 34.90971694 	 -111.43551031 	    69.7 	   294.9 	 61.0
  273  412.70 	 1.15e-05 	 34.90971902 	 -111.43550916 	    69.9 	   295.0 	 61.1
  274  413.94 	 9.76e-06 	 34.90972004 	 -111.43551178 	    70.0 	   294.7 	 61.1
  275  415.20 	 2.42e-06 	 34.90972114 	 -111.43551161 	    70.1 	   294.8 	 61.3
  276  416.44 	 7.44e-08 	 34.90972122 	 -111.43551179 	    70.1 	   294.7 	 61.4
  277  417.68 	 4.26e-07 	 34.90972218 	 -111.43551044 	    70.3 	   294.9 	 61.5
  278  418.94 	 2.09e-07 	 34.90972257 	 -111.43550961 	    70.3 	   294.9 	 61.4
  279  420.18 	 1.80e-07 	 34.90972080 	 -111.43550960 	    70.1 	   294.9 	 61.4
  280  421.42 	 1.59e-07 	 34.90971934 	 -111.43550880 	    69.9 	   295.0 	 61.3
  281  426.40 	 1.23e-05 	 34.90971816 	 -111.43551002 	    69.8 	   294.9 	 61.4
  282  427.66 	 1.32e-05 	 34.90971900 	 -111.43551124 	    69.9 	   294.8 	 61.4
  283  428.90 	 5.69e-06 	 34.90971944 	 -111.43551161 	    69.9 	   294.8 	 61.3
  284  430.16 	 4.79e-07 	 34.90972002 	 -111.43551143 	    70.0 	   294.8 	 61.5
  285  431.40 	 3.06e-07 	 34.90972054 	 -111.43551032 	    70.1 	   294.9 	 61.5
  286  432.64 	 4.23e-07 	 34.90972175 	 -111.43550960 	    70.2 	   294.9 	 61.5
  287  433.88 	 3.37e-07 	 34.90972140 	 -111.43550888 	    70.2 	   295.0 	 61.3
  288  435.12 	 1.81e-07 	 34.90971938 	 -111.43550906 	    69.9 	   295.0 	 61.3
  289  436.36 	 1.38e-07 	 34.90971844 	 -111.43550826 	    69.8 	   295.1 	 61.3
  290  437.62 	 8.10e-08 	 34.90971884 	 -111.43550741 	    69.9 	   295.1 	 61.4
  291  438.86 	 1.36e-06 	 34.90971744 	 -111.43550809 	    69.7 	   295.1 	 61.4
  292  440.10 	 6.98e-06 	 34.90971779 	 -111.43550821 	    69.8 	   295.1 	 61.4
  293  441.36 	 1.38e-05 	 34.90971957 	 -111.43551044 	    70.0 	   294.9 	 61.4
  294  442.60 	 1.06e-05 	 34.90972034 	 -111.43551171 	    70.0 	   294.7 	 61.4
  295  443.84 	 2.19e-06 	 34.90972096 	 -111.43551252 	    70.1 	   294.7 	 61.3
  296  446.34 	 4.44e-07 	 34.90972207 	 -111.43551093 	    70.2 	   294.8 	 61.4
  297  447.58 	 2.26e-07 	 34.90972242 	 -111.43550906 	    70.3 	   295.0 	 61.4
  298  448.82 	 1.46e-07 	 34.90972102 	 -111.43550883 	    70.1 	   295.0 	 61.3
  299  450.06 	 2.53e-07 	 34.90971901 	 -111.43550971 	    69.9 	   294.9 	 61.4
  300  451.32 	 1.48e-07 	 34.90971896 	 -111.43550876 	    69.9 	   295.0 	 61.5
  301  455.04 	 1.01e-05 	 34.90971944 	 -111.43550993 	    69.9 	   294.9 	 61.6
  302  456.30 	 1.35e-05 	 34.90971859 	 -111.43551106 	    69.9 	   294.8 	 61.6
  303  457.54 	 7.19e-06 	 34.90971968 	 -111.43551188 	    70.0 	   294.7 	 61.6
  304  458.78 	 7.31e-07 	 34.90972104 	 -111.43551350 	    70.1 	   294.6 	 61.6
  305  460.04 	 3.59e-07 	 34.90972044 	 -111.43551206 	    70.1 	   294.7 	 61.7
  306  461.28 	 4.04e-07 	 34.90972174 	 -111.43551082 	    70.2 	   294.8 	 61.8
  307  462.54 	 2.85e-07 	 34.90972188 	 -111.43551045 	    70.2 	   294.9 	 61.8
  308  463.78 	 2.70e-07 	 34.90971961 	 -111.43550773 	    70.0 	   295.1 	 61.7
  309  465.02 	 3.03e-07 	 34.90971823 	 -111.43550775 	    69.8 	   295.1 	 61.8
  310  466.26 	 7.33e-08 	 34.90971849 	 -111.43550894 	    69.8 	   295.0 	 61.6
  311  467.50 	 3.74e-07 	 34.90971980 	 -111.43550765 	    70.0 	   295.1 	 61.7
  312  468.76 	 4.34e-07 	 34.90972103 	 -111.43549876 	    70.1 	   295.9 	 61.7
  313  470.00 	 2.39e-07 	 34.90972432 	 -111.43547508 	    70.5 	   298.1 	 61.8
  314  471.26 	 1.87e-07 	 34.90973083 	 -111.43543651 	    71.2 	   301.6 	 61.7
  315  472.50 	 2.55e-07 	 34.90974065 	 -111.43538146 	    72.3 	   306.6 	 61.7
  316  473.74 	 1.54e-07 	 34.90975218 	 -111.43531587 	    73.6 	   312.6 	 61.5
  317  474.98 	 1.60e-07 	 34.90976704 	 -111.43524502 	    75.2 	   319.1 	 61.5
  318  476.22 	 1.30e-07 	 34.90978511 	 -111.43516010 	    77.2 	   326.8 	 61.4
  319  477.48 	 2.33e-07 	 34.90980347 	 -111.43507027 	    79.3 	   335.0 	 61.4
  320  478.72 	 8.06e-08 	 34.90982058 	 -111.43497750 	    81.2 	   343.5 	 61.2
  321  479.98 	 7.74e-08 	 34.90983793 	 -111.43488424 	    83.1 	   352.0 	 61.1
  322  481.22 	 8.87e-08 	 34.90985662 	 -111.43478995 	    85.2 	   360.6 	 61.1
  323  486.20 	 1.15e-07 	 34.90991203 	 -111.43449744 	    91.4 	   387.2 	 61.0
  324  487.46 	 1.16e-07 	 34.90991888 	 -111.43446288 	    92.1 	   390.4 	 61.0
  325  488.68 	 8.08e-07 	 34.90992004 	 -111.43444995 	    92.3 	   391.6 	 61.0
  326  489.94 	 4.09e-06 	 34.90992038 	 -111.43444844 	    92.3 	   391.7 	 61.0
  327  491.18 	 8.71e-06 	 34.90991956 	 -111.43444675 	    92.2 	   391.9 	 61.0
  328  492.42 	 9.51e-06 	 34.90992039 	 -111.43444438 	    92.3 	   392.1 	 60.9
  329  493.68 	 2.75e-06 	 34.90992034 	 -111.43444139 	    92.3 	   392.3 	 60.9
  330  494.92 	 1.31e-07 	 34.90992059 	 -111.43443893 	    92.3 	   392.6 	 61.1
  331  496.16 	 4.15e-07 	 34.90992128 	 -111.43443862 	    92.4 	   392.6 	 61.2
  332  497.42 	 3.16e-07 	 34.90992328 	 -111.43444012 	    92.6 	   392.5 	 61.2
  333  498.66 	 2.41e-07 	 34.90992235 	 -111.43443995 	    92.5 	   392.5 	 61.0
  334  499.90 	 2.56e-07 	 34.90992203 	 -111.43444107 	    92.5 	   392.4 	 61.0
  335  501.16 	 1.63e-07 	 34.90992092 	 -111.43444034 	    92.3 	   392.4 	 60.9
  336  503.64 	 1.94e-06 	 34.90991850 	 -111.43443865 	    92.1 	   392.6 	 61.1
  337  504.88 	 6.79e-06 	 34.90991870 	 -111.43444081 	    92.1 	   392.4 	 61.1
  338  506.14 	 1.01e-05 	 34.90991828 	 -111.43444242 	    92.1 	   392.3 	 61.2
  339  507.38 	 7.65e-06 	 34.90991926 	 -111.43444104 	    92.2 	   392.4 	 61.3
  340  508.62 	 1.16e-06 	 34.90992061 	 -111.43444063 	    92.3 	   392.4 	 61.4
  341  509.88 	 1.14e-07 	 34.90992154 	 -111.43444008 	    92.4 	   392.5 	 61.3
  342  511.12 	 3.76e-07 	 34.90992082 	 -111.43443968 	    92.3 	   392.5 	 61.3
  343  512.36 	 2.93e-07 	 34.90992021 	 -111.43443862 	    92.3 	   392.6 	 61.3
  344  516.10 	 1.91e-07 	 34.90991978 	 -111.43443922 	    92.2 	   392.5 	 61.2
  345  517.34 	 4.62e-07 	 34.90991775 	 -111.43443829 	    92.0 	   392.6 	 61.2
  346  518.60 	 2.94e-06 	 34.90991758 	 -111.43443732 	    92.0 	   392.7 	 61.1
  347  519.84 	 8.56e-06 	 34.90991829 	 -111.43443867 	    92.1 	   392.6 	 61.0
  348  521.08 	 8.30e-06 	 34.90991925 	 -111.43444050 	    92.2 	   392.4 	 60.8
  349  522.32 	 3.63e-06 	 34.90992023 	 -111.43444132 	    92.3 	   392.4 	 60.8
  350  523.58 	 2.67e-07 	 34.90992087 	 -111.43444006 	    92.3 	   392.5 	 60.8
  351  524.82 	 3.08e-07 	 34.90992139 	 -111.43443942 	    92.4 	   392.5 	 60.8
  352  526.06 	 4.13e-07 	 34.90992238 	 -111.43443885 	    92.5 	   392.6 	 60.7
  353  527.30 	 1.70e-07 	 34.90992188 	 -111.43443937 	    92.5 	   392.5 	 60.5
  354  528.56 	 1.42e-07 	 34.90992014 	 -111.43443906 	    92.3 	   392.6 	 60.5
  355  529.80 	 1.55e-07 	 34.90991958 	 -111.43443862 	    92.2 	   392.6 	 60.5
  356  531.04 	 1.64e-07 	 34.90991996 	 -111.43443912 	    92.2 	   392.6 	 60.6
  357  532.28 	 1.08e-06 	 34.90991906 	 -111.43443996 	    92.1 	   392.5 	 60.5
  358  533.54 	 5.51e-06 	 34.90991892 	 -111.43444093 	    92.1 	   392.4 	 60.4
  359  534.78 	 1.01e-05 	 34.90992164 	 -111.43444318 	    92.4 	   392.2 	 60.4
  360  536.02 	 7.32e-06 	 34.90992238 	 -111.43444257 	    92.5 	   392.2 	 60.4
  361  537.26 	 1.59e-06 	 34.90992175 	 -111.43444099 	    92.4 	   392.4 	 60.3
  362  539.76 	 3.52e-07 	 34.90992157 	 -111.43443958 	    92.4 	   392.5 	 60.2
  363  541.00 	 3.46e-07 	 34.90992078 	 -111.43443903 	    92.3 	   392.6 	 60.1
  364  545.98 	 2.87e-07 	 34.90991902 	 -111.43443914 	    92.1 	   392.6 	 60.0
  365  547.24 	 3.41e-06 	 34.90991904 	 -111.43443970 	    92.1 	   392.5 	 60.0
  366  548.48 	 9.31e-06 	 34.90992087 	 -111.43444012 	    92.3 	   392.5 	 60.1
  367  549.72 	 1.10e-05 	 34.90991992 	 -111.43444089 	    92.2 	   392.4 	 60.0
  368  550.96 	 4.60e-06 	 34.90992037 	 -111.43444244 	    92.3 	   392.3 	 60.1
  369  552.22 	 5.09e-07 	 34.90992147 	 -111.43444020 	    92.4 	   392.5 	 60.1
  370  553.46 	 1.77e-07 	 34.90992183 	 -111.43443789 	    92.5 	   392.7 	 60.2
  371  554.70 	 3.23e-07 	 34.90992243 	 -111.43443846 	    92.5 	   392.6 	 60.2
  372  555.96 	 2.89e-07 	 34.90992142 	 -111.43443915 	    92.4 	   392.6 	 60.1
  373  557.20 	 1.37e-07 	 34.90991968 	 -111.43443862 	    92.2 	   392.6 	 60.0
  374  558.44 	 2.26e-07 	 34.90992000 	 -111.43444064 	    92.2 	   392.4 	 60.0
  375  559.68 	 1.40e-07 	 34.90991988 	 -111.43444019 	    92.2 	   392.5 	 60.1
  376  560.94 	 1.10e-06 	 34.90991874 	 -111.43443836 	    92.1 	   392.6 	 60.1
  377  562.18 	 5.44e-06 	 34.90991796 	 -111.43443838 	    92.0 	   392.6 	 60.1
  378  563.42 	 1.09e-05 	 34.90991911 	 -111.43444088 	    92.1 	   392.4 	 60.1
  379  564.66 	 8.14e-06 	 34.90992083 	 -111.43444319 	    92.3 	   392.2 	 60.1
  380  565.92 	 2.50e-06 	 34.90992189 	 -111.43444270 	    92.5 	   392.2 	 60.1
  381  568.40 	 2.90e-07 	 34.90992258 	 -111.43444051 	    92.5 	   392.4 	 59.9
  382  569.64 	 2.46e-07 	 34.90992180 	 -111.43443816 	    92.4 	   392.6 	 60.0
  383  570.90 	 2.52e-07 	 34.90992013 	 -111.43443827 	    92.3 	   392.6 	 60.1
  384  574.64 	 8.06e-08 	 34.90992178 	 -111.43443757 	    92.4 	   392.7 	 60.1
  385  575.86 	 2.03e-07 	 34.90992253 	 -111.43443043 	    92.5 	   393.3 	 60.1
  386  577.12 	 1.25e-07 	 34.90992684 	 -111.43440910 	    93.0 	   395.3 	 60.1
  387  578.36 	 1.86e-07 	 34.90993394 	 -111.43437270 	    93.8 	   398.6 	 60.1
  388  579.62 	 1.33e-07 	 34.90994511 	 -111.43432259 	    95.0 	   403.2 	 60.1
  389  580.86 	 1.38e-07 	 34.90996087 	 -111.43425635 	    96.8 	   409.2 	 60.2
  390  583.34 	 7.83e-08 	 34.90999580 	 -111.43410256 	   100.7 	   423.2 	 60.4
  391  584.58 	 1.35e-07 	 34.91001704 	 -111.43401244 	   103.0 	   431.5 	 60.6
  392  585.84 	 8.09e-08 	 34.91003793 	 -111.43392426 	   105.4 	   439.5 	 60.7
  393  587.08 	 1.10e-07 	 34.91005971 	 -111.43383700 	   107.8 	   447.5 	 60.7
  394  588.32 	 8.45e-08 	 34.91008082 	 -111.43374150 	   110.1 	   456.2 	 60.8
  395  589.58 	 1.42e-07 	 34.91010181 	 -111.43364999 	   112.5 	   464.5 	 60.9
  396  590.82 	 1.98e-07 	 34.91012251 	 -111.43356480 	   114.8 	   472.3 	 60.8
  397  592.02 	 8.11e-08 	 34.91014135 	 -111.43349231 	   116.9 	   478.9 	 60.8
  398  593.32 	 1.39e-07 	 34.91015716 	 -111.43342882 	   118.6 	   484.7 	 60.9
  399  594.56 	 1.11e-07 	 34.91016461 	 -111.43339022 	   119.4 	   488.2 	 60.9
  400  597.06 	 7.20e-07 	 34.91016975 	 -111.43336897 	   120.0 	   490.1 	 60.9
  401  598.30 	 3.82e-06 	 34.91017027 	 -111.43336634 	   120.1 	   490.4 	 60.9
  402  599.54 	 8.31e-06 	 34.91016978 	 -111.43336350 	   120.0 	   490.6 	 60.8
  403  600.80 	 7.30e-06 	 34.91017122 	 -111.43336024 	   120.2 	   490.9 	 61.0
  404  602.04 	 2.04e-06 	 34.91017283 	 -111.43335883 	   120.4 	   491.1 	 61.0
  405  604.54 	 3.85e-07 	 34.91017172 	 -111.43335867 	   120.2 	   491.1 	 60.9
  406  605.78 	 2.08e-07 	 34.91016992 	 -111.43335805 	   120.0 	   491.1 	 60.9
  407  607.04 	 1.82e-07 	 34.91016872 	 -111.43335900 	   119.9 	   491.0 	 60.9
  408  608.28 	 1.95e-07 	 34.91016933 	 -111.43335976 	   120.0 	   491.0 	 61.0
  409  609.52 	 2.66e-07 	 34.91016993 	 -111.43335888 	   120.0 	   491.1 	 61.0
  410  612.02 	 2.04e-06 	 34.91017254 	 -111.43336030 	   120.3 	   490.9 	 61.1
  411  613.26 	 6.71e-06 	 34.91017075 	 -111.43336418 	   120.1 	   490.6 	 61.0
  412  614.52 	 7.36e-06 	 34.91016902 	 -111.43336153 	   119.9 	   490.8 	 61.1
  413  615.76 	 4.78e-06 	 34.91016987 	 -111.43336114 	   120.0 	   490.9 	 61.1
  414  617.00 	 7.34e-07 	 34.91017189 	 -111.43336181 	   120.3 	   490.8 	 61.1
  415  618.24 	 1.02e-07 	 34.91017200 	 -111.43336129 	   120.3 	   490.8 	 61.1
  416  619.50 	 5.30e-07 	 34.91017066 	 -111.43335900 	   120.1 	   491.0 	 61.1
  417  620.74 	 1.61e-07 	 34.91017125 	 -111.43335831 	   120.2 	   491.1 	 60.9
  418  622.00 	 1.99e-07 	 34.91017012 	 -111.43335924 	   120.1 	   491.0 	 61.0
  419  623.24 	 1.64e-07 	 34.91017016 	 -111.43335974 	   120.1 	   491.0 	 61.1
  420  624.48 	 1.32e-07 	 34.91017050 	 -111.43335920 	   120.1 	   491.0 	 61.1
  421  625.74 	 5.90e-07 	 34.91016905 	 -111.43335905 	   119.9 	   491.0 	 61.1
  422  626.98 	 4.03e-06 	 34.91016891 	 -111.43336031 	   119.9 	   490.9 	 61.1
  423  628.22 	 8.95e-06 	 34.91016953 	 -111.43336154 	   120.0 	   490.8 	 61.3
  424  629.48 	 8.62e-06 	 34.91016938 	 -111.43335998 	   120.0 	   491.0 	 61.2
  425  630.72 	 2.86e-06 	 34.91017083 	 -111.43336004 	   120.1 	   491.0 	 61.0
  426  631.98 	 1.17e-07 	 34.91017287 	 -111.43335916 	   120.4 	   491.0 	 60.9
  427  633.22 	 4.32e-07 	 34.91017340 	 -111.43335925 	   120.4 	   491.0 	 60.8
  428  634.46 	 2.47e-07 	 34.91017266 	 -111.43336028 	   120.3 	   490.9 	 60.8
  429  635.70 	 1.11e-07 	 34.91017042 	 -111.43335784 	   120.1 	   491.2 	 61.0
  430  636.96 	 2.29e-07 	 34.91017052 	 -111.43335806 	   120.1 	   491.1 	 60.8
  431  638.20 	 1.67e-07 	 34.91017042 	 -111.43335824 	   120.1 	   491.1 	 60.8
  432  639.46 	 2.42e-07 	 34.91017169 	 -111.43336041 	   120.2 	   490.9 	 61.1
  433  640.70 	 1.87e-06 	 34.91016997 	 -111.43335979 	   120.0 	   491.0 	 61.3
  434  641.94 	 4.86e-06 	 34.91017006 	 -111.43336184 	   120.1 	   490.8 	 61.5
  435  643.18 	 9.52e-06 	 34.91016909 	 -111.43336328 	   119.9 	   490.7 	 61.5
  436  644.44 	 5.25e-06 	 34.91016844 	 -111.43335850 	   119.9 	   491.1 	 61.6
  437  645.68 	 1.07e-06 	 34.91016905 	 -111.43335742 	   119.9 	   491.2 	 61.7
  438  646.94 	 7.93e-08 	 34.91016966 	 -111.43335791 	   120.0 	   491.1 	 61.8
  439  648.18 	 3.19e-07 	 34.91017244 	 -111.43335739 	   120.3 	   491.2 	 61.9
  440  649.42 	 1.67e-07 	 34.91017279 	 -111.43335503 	   120.4 	   491.4 	 62.0
  441  650.68 	 1.94e-07 	 34.91017198 	 -111.43335574 	   120.3 	   491.3 	 62.1
  442  651.92 	 1.53e-07 	 34.91017172 	 -111.43335736 	   120.2 	   491.2 	 62.2
  443  653.16 	 2.13e-07 	 34.91017174 	 -111.43335802 	   120.2 	   491.1 	 62.2
  444  654.40 	 2.71e-07 	 34.91017152 	 -111.43335754 	   120.2 	   491.2 	 62.2
  445  655.66 	 3.69e-06 	 34.91017029 	 -111.43335921 	   120.1 	   491.0 	 62.2
  446  656.90 	 7.84e-06 	 34.91017151 	 -111.43336034 	   120.2 	   490.9 	 62.1
  447  658.14 	 8.54e-06 	 34.91017228 	 -111.43336130 	   120.3 	   490.8 	 62.0
  448  659.40 	 2.74e-06 	 34.91017142 	 -111.43336074 	   120.2 	   490.9 	 62.1
  449  660.64 	 2.03e-07 	 34.91017044 	 -111.43336037 	   120.1 	   490.9 	 62.2
  450  661.88 	 2.35e-07 	 34.91017140 	 -111.43335954 	   120.2 	   491.0 	 62.2
  451  663.14 	 3.10e-07 	 34.91017219 	 -111.43336057 	   120.3 	   490.9 	 62.0
  452  664.38 	 2.08e-07 	 34.91017086 	 -111.43335990 	   120.1 	   491.0 	 62.0
  453  666.86 	 1.16e-07 	 34.91016940 	 -111.43335938 	   120.0 	   491.0 	 62.1
  454  669.36 	 9.60e-07 	 34.91016746 	 -111.43336067 	   119.8 	   490.9 	 62.1
  455  670.60 	 5.05e-06 	 34.91016712 	 -111.43336012 	   119.7 	   490.9 	 62.1
  456  671.86 	 8.99e-06 	 34.91016728 	 -111.43336014 	   119.7 	   490.9 	 62.1
  457  673.10 	 6.19e-06 	 34.91016946 	 -111.43336078 	   120.0 	   490.9 	 62.1
  458  674.34 	 1.38e-06 	 34.91017260 	 -111.43336144 	   120.3 	   490.8 	 62.2
  459  675.52 	 1.08e-07 	 34.91017392 	 -111.43336283 	   120.5 	   490.7 	 62.3
  460  676.84 	 3.21e-07 	 34.91017272 	 -111.43336128 	   120.3 	   490.8 	 62.1
  461  678.08 	 1.63e-07 	 34.91017065 	 -111.43335964 	   120.1 	   491.0 	 61.7
  462  679.34 	 1.17e-07 	 34.91016815 	 -111.43335817 	   119.8 	   491.1 	 61.7
  463  680.58 	 1.53e-07 	 34.91016645 	 -111.43335809 	   119.7 	   491.1 	 62.0
  464  682.46 	 1.00e-07 	 34.91016804 	 -111.43336093 	   119.8 	   490.9 	 62.0
  465  683.08 	 1.10e-07 	 34.91016885 	 -111.43336468 	   119.9 	   490.5 	 61.8
  466  685.56 	 6.87e-06 	 34.91016046 	 -111.43341635 	   119.0 	   485.8 	 61.7
  467  686.80 	 1.75e-06 	 34.91015311 	 -111.43346523 	   118.2 	   481.4 	 61.3
  468  688.06 	 9.20e-08 	 34.91014249 	 -111.43352854 	   117.0 	   475.6 	 60.9
  469  689.30 	 1.76e-07 	 34.91012371 	 -111.43360112 	   114.9 	   469.0 	 60.2
  470  690.56 	 1.90e-07 	 34.91010255 	 -111.43367800 	   112.5 	   462.0 	 59.6
  471  691.80 	 2.38e-07 	 34.91008280 	 -111.43376733 	   110.4 	   453.8 	 58.7
  472  693.04 	 5.01e-07 	 34.91006501 	 -111.43385331 	   108.4 	   446.0 	 57.8
  473  696.80 	 5.63e-07 	 34.91001401 	 -111.43409783 	   102.7 	   423.7 	 56.2
  474  698.04 	 4.92e-07 	 34.90999686 	 -111.43418765 	   100.8 	   415.5 	 55.7
  475  699.28 	 4.82e-07 	 34.90998066 	 -111.43426595 	    99.0 	   408.3 	 55.2
  476  700.54 	 4.45e-07 	 34.90996326 	 -111.43434805 	    97.1 	   400.9 	 54.6
  477  701.80 	 4.37e-07 	 34.90994508 	 -111.43442552 	    95.0 	   393.8 	 54.2
  478  703.04 	 2.80e-07 	 34.90992628 	 -111.43450276 	    92.9 	   386.8 	 54.0
  479  704.28 	 3.59e-07 	 34.90990631 	 -111.43459278 	    90.7 	   378.5 	 53.2
  480  705.54 	 2.97e-07 	 34.90989033 	 -111.43467563 	    88.9 	   371.0 	 52.6
  481  706.78 	 2.57e-07 	 34.90987244 	 -111.43476137 	    87.0 	   363.2 	 52.1
  482  708.02 	 1.54e-07 	 34.90985473 	 -111.43484665 	    85.0 	   355.4 	 51.6
  483  709.28 	 2.27e-07 	 34.90983589 	 -111.43493841 	    82.9 	   347.0 	 51.1
  484  710.54 	 1.69e-07 	 34.90981681 	 -111.43502620 	    80.8 	   339.0 	 50.5
  485  711.78 	 1.64e-07 	 34.90979679 	 -111.43511043 	    78.5 	   331.3 	 50.0
  486  713.04 	 1.79e-07 	 34.90977744 	 -111.43519349 	    76.4 	   323.8 	 49.4
  487  714.88 	 9.33e-08 	 34.90975177 	 -111.43531089 	    73.5 	   313.1 	 48.6
  488  715.52 	 9.10e-08 	 34.90974366 	 -111.43535017 	    72.6 	   309.5 	 48.3
  489  718.02 	 1.01e-07 	 34.90971105 	 -111.43551052 	    69.0 	   294.9 	 47.3
  490  719.28 	 1.41e-07 	 34.90969308 	 -111.43559370 	    67.0 	   287.3 	 46.8
  491  723.84 	 9.81e-08 	 34.90962860 	 -111.43588154 	    59.8 	   261.0 	 45.0
  492  724.44 	 1.89e-07 	 34.90962106 	 -111.43592190 	    59.0 	   257.3 	 44.7
  493  725.88 	 1.48e-07 	 34.90960397 	 -111.43600650 	    57.1 	   249.6 	 44.0
  494  729.28 	 1.08e-07 	 34.90956148 	 -111.43622081 	    52.4 	   230.1 	 42.8
  495  730.52 	 9.53e-08 	 34.90954395 	 -111.43630157 	    50.4 	   222.7 	 42.6
  496  731.76 	 8.14e-08 	 34.90952567 	 -111.43638129 	    48.4 	   215.5 	 42.0
  497  733.00 	 7.34e-08 	 34.90950884 	 -111.43646468 	    46.5 	   207.9 	 41.4
  498  734.26 	 1.35e-07 	 34.90949435 	 -111.43654320 	    44.9 	   200.7 	 40.9
  499  735.52 	 1.36e-07 	 34.90947921 	 -111.43662195 	    43.2 	   193.5 	 40.5
  500  738.02 	 9.26e-08 	 34.90944108 	 -111.43678946 	    39.0 	   178.2 	 39.5
  501  739.26 	 9.95e-08 	 34.90942335 	 -111.43686856 	    37.0 	   171.0 	 38.6
  502  740.50 	 8.39e-08 	 34.90941140 	 -111.43694421 	    35.7 	   164.1 	 38.1
  503  743.00 	 1.00e-07 	 34.90938363 	 -111.43708754 	    32.6 	   151.1 	 37.4
  504  744.24 	 2.46e-07 	 34.90936429 	 -111.43716595 	    30.5 	   143.9 	 36.8
  505  745.50 	 1.47e-07 	 34.90934381 	 -111.43723890 	    28.2 	   137.3 	 36.5
  506  746.74 	 1.76e-07 	 34.90932475 	 -111.43731992 	    26.1 	   129.9 	 36.2
  507  748.00 	 1.91e-07 	 34.90930251 	 -111.43740690 	    23.6 	   121.9 	 35.3
  508  749.24 	 1.54e-07 	 34.90928743 	 -111.43747815 	    21.9 	   115.4 	 34.7
  509  750.48 	 1.41e-07 	 34.90927360 	 -111.43755118 	    20.4 	   108.8 	 34.5
  510  751.72 	 1.26e-07 	 34.90925969 	 -111.43763144 	    18.8 	   101.5 	 34.3
  511  752.98 	 2.05e-07 	 34.90924505 	 -111.43771118 	    17.2 	    94.2 	 33.9
  512  754.22 	 9.50e-08 	 34.90923033 	 -111.43779290 	    15.6 	    86.7 	 33.3
  513  755.46 	 1.21e-07 	 34.90921329 	 -111.43787471 	    13.7 	    79.3 	 33.0
  514  756.72 	 1.54e-07 	 34.90919439 	 -111.43795227 	    11.6 	    72.2 	 32.6
  515  757.96 	 1.76e-07 	 34.90917340 	 -111.43804056 	     9.2 	    64.2 	 32.2
  516  759.20 	 8.16e-08 	 34.90915270 	 -111.43812730 	     6.9 	    56.2 	 31.6
  517  760.46 	 8.61e-08 	 34.90913367 	 -111.43821132 	     4.8 	    48.6 	 30.9
  518  761.70 	 1.37e-07 	 34.90911443 	 -111.43829994 	     2.7 	    40.5 	 30.5
  519  762.94 	 9.14e-08 	 34.90909857 	 -111.43837900 	     0.9 	    33.3 	 30.4
  520  764.18 	 6.97e-08 	 34.90909296 	 -111.43846076 	     0.3 	    25.8 	 30.6
  521  765.44 	 1.13e-07 	 34.90909082 	 -111.43854109 	     0.0 	    18.5 	 30.7
  522  766.68 	 1.08e-07 	 34.90908835 	 -111.43860900 	    -0.2 	    12.3 	 30.6
  523  767.94 	 8.97e-08 	 34.90908891 	 -111.43867267 	    -0.2 	     6.5 	 30.3
  524  769.18 	 8.19e-08 	 34.90908959 	 -111.43871522 	    -0.1 	     2.6 	 30.1
  525  770.44 	 1.11e-07 	 34.90908478 	 -111.43873600 	    -0.6 	     0.7 	 29.5
  526  771.68 	 7.61e-08 	 34.90908294 	 -111.43874410 	    -0.8 	    -0.0 	 28.9
  527  772.92 	 1.46e-07 	 34.90908307 	 -111.43874666 	    -0.8 	    -0.3 	 28.4
  528  774.16 	 1.60e-07 	 34.90908410 	 -111.43874854 	    -0.7 	    -0.4 	 28.3
  529  775.42 	 1.61e-07 	 34.90908349 	 -111.43874772 	    -0.8 	    -0.3 	 28.4
  530  776.66 	 1.05e-07 	 34.90908250 	 -111.43874666 	    -0.9 	    -0.3 	 28.5
  531  777.92 	 1.05e-07 	 34.90908272 	 -111.43874666 	    -0.9 	    -0.3 	 28.0
  532  779.00 	 1.10e-07 	 34.90908369 	 -111.43874772 	    -0.7 	    -0.3 	 26.6
  533  790.30 	 7.33e-08 	 34.90908249 	 -111.43874854 	    -0.9 	    -0.4 	 10.1
  534  794.44 	 6.59e-08 	 34.90908444 	 -111.43874772 	    -0.7 	    -0.3 	 7.8
  535  798.56 	 5.14e-08 	 34.90907268 	 -111.43876882 	    -2.0 	    -2.2 	 -0.4
  536  804.78 	 6.78e-08 	 34.90908182 	 -111.43877866 	    -1.0 	    -3.2 	 0.6
  537  812.68 	 1.37e-08 	 34.90909682 	 -111.43874410 	     0.7 	    -0.1 	 -1.7
  538  818.30 	 1.57e-08 	 34.90909425 	 -111.43874410 	     0.4 	     0.1 	 -1.3
  539  822.04 	 1.47e-08 	 34.90909278 	 -111.43874154 	     0.3 	     0.2 	 -1.1
  540  829.20 	 1.64e-08 	 34.90909110 	 -111.43873966 	     0.1 	     0.4 	 -1.4
  541  830.68 	 1.50e-08 	 34.90909036 	 -111.43873966 	    -0.0 	     0.4 	 -1.3
  542  831.68 	 1.72e-08 	 34.90909006 	 -111.43873966 	    -0.0 	     0.4 	 -1.3
  543  832.32 	 1.47e-08 	 34.90908980 	 -111.43873966 	    -0.1 	     0.4 	 -1.4
  544  840.74 	 1.52e-08 	 34.90908957 	 -111.43873783 	    -0.1 	     0.6 	 -1.8
  545  842.12 	 1.67e-08 	 34.90909020 	 -111.43873732 	    -0.0 	     0.6 	 -1.5
  546  845.12 	 4.09e-08 	 34.90908916 	 -111.43873837 	    -0.1 	     0.5 	 -0.0
  547  847.94 	 4.01e-08 	 34.90907672 	 -111.43876921 	    -1.5 	    -2.3 	 1.7
  548  851.64 	 5.27e-08 	 34.90906642 	 -111.43879994 	    -2.7 	    -5.1 	 1.9
  549  860.64 	 3.66e-08 	 34.90906684 	 -111.43881548 	    -2.6 	    -6.5 	 0.3
  550  863.66 	 2.95e-08 	 34.90906205 	 -111.43881603 	    -3.2 	    -6.6 	 -0.2
  551  865.14 	 3.17e-08 	 34.90906216 	 -111.43881779 	    -3.1 	    -6.7 	 -0.4
  552  870.86 	 5.99e-08 	 34.90906082 	 -111.43881062 	    -3.3 	    -6.1 	 0.0
  553  871.68 	 5.37e-08 	 34.90905996 	 -111.43880826 	    -3.4 	    -5.9 	 0.2
  554  883.18 	 4.59e-08 	 34.90904472 	 -111.43881338 	    -5.1 	    -6.3 	 -0.5
  555  885.32 	 3.42e-08 	 34.90904124 	 -111.43881685 	    -5.5 	    -6.6 	 -0.3
  556  890.78 	 3.47e-08 	 34.90907183 	 -111.43879093 	    -2.1 	    -4.3 	 0.9
  557  893.26 	 3.97e-08 	 34.90910257 	 -111.43877048 	     1.4 	    -2.4 	 0.8
  558  894.42 	 3.94e-08 	 34.90910770 	 -111.43876522 	     1.9 	    -1.9 	 0.9
  559  895.88 	 3.61e-08 	 34.90910554 	 -111.43876275 	     1.7 	    -1.7 	 0.8
  560  898.94 	 3.01e-08 	 34.90909256 	 -111.43876344 	     0.2 	    -1.8 	 0.8
  561  905.74 	 3.09e-08 	 34.90907614 	 -111.43876070 	    -1.6 	    -1.5 	 0.8
  562  907.04 	 3.70e-08 	 34.90907484 	 -111.43876394 	    -1.7 	    -1.8 	 0.8
  563  911.00 	 3.42e-08 	 34.90907600 	 -111.43876344 	    -1.6 	    -1.8 	 0.7
  564  913.60 	 4.52e-08 	 34.90907760 	 -111.43875947 	    -1.4 	    -1.4 	 0.8
  565  914.22 	 3.22e-08 	 34.90907781 	 -111.43875903 	    -1.4 	    -1.4 	 0.8
  566  915.56 	 2.88e-08 	 34.90907874 	 -111.43875665 	    -1.3 	    -1.1 	 0.9
  567  919.94 	 4.04e-08 	 34.90907162 	 -111.43876921 	    -2.1 	    -2.3 	 1.1
  568  922.90 	 3.18e-08 	 34.90906995 	 -111.43877979 	    -2.3 	    -3.3 	 0.8
  569  928.96 	 2.97e-08 	 34.90906703 	 -111.43878237 	    -2.6 	    -3.5 	 0.8
  570  930.62 	 4.51e-08 	 34.90906628 	 -111.43878124 	    -2.7 	    -3.4 	 1.0
  571  931.54 	 2.85e-08 	 34.90906576 	 -111.43878228 	    -2.7 	    -3.5 	 1.0
  572  936.62 	 2.90e-08 	 34.90906420 	 -111.43878015 	    -2.9 	    -3.3 	 1.3
  573  939.32 	 7.70e-08 	 34.90906424 	 -111.43877942 	    -2.9 	    -3.2 	 1.4
  574  940.38 	 4.70e-08 	 34.90906414 	 -111.43877463 	    -2.9 	    -2.8 	 1.2
  575  942.14 	 4.19e-08 	 34.90906640 	 -111.43876921 	    -2.7 	    -2.3 	 1.3
  576  946.40 	 3.18e-08 	 34.90906770 	 -111.43877731 	    -2.5 	    -3.0 	 1.9
  577  948.62 	 2.39e-08 	 34.90906594 	 -111.43878132 	    -2.7 	    -3.4 	 2.1
  578  951.14 	 2.06e-08 	 34.90905914 	 -111.43878848 	    -3.5 	    -4.0 	 1.8
  579  952.66 	 3.63e-08 	 34.90905548 	 -111.43879218 	    -3.9 	    -4.4 	 1.7
  580  955.24 	 3.97e-08 	 34.90905022 	 -111.43879839 	    -4.5 	    -4.9 	 1.4
  581  960.66 	 6.21e-08 	 34.90905199 	 -111.43880457 	    -4.3 	    -5.5 	 1.0
  582  962.02 	 4.12e-08 	 34.90905208 	 -111.43880452 	    -4.3 	    -5.5 	 1.0
  583  964.20 	 2.60e-08 	 34.90904650 	 -111.43880918 	    -4.9 	    -5.9 	 1.0
  584  968.46 	 2.63e-08 	 34.90904120 	 -111.43881352 	    -5.5 	    -6.3 	 1.1
  585  973.26 	 2.16e-08 	 34.90904170 	 -111.43881712 	    -5.4 	    -6.7 	 1.4
  586  975.16 	 3.26e-08 	 34.90904265 	 -111.43881576 	    -5.3 	    -6.5 	 1.5
  587  976.94 	 2.40e-08 	 34.90904294 	 -111.43881598 	    -5.3 	    -6.6 	 1.6
  588  981.20 	 3.48e-08 	 34.90904399 	 -111.43881502 	    -5.2 	    -6.5 	 1.7
  589  982.48 	 3.38e-08 	 34.90904431 	 -111.43881404 	    -5.1 	    -6.4 	 1.9
  590  985.44 	 3.03e-08 	 34.90904442 	 -111.43881092 	    -5.1 	    -6.1 	 2.3
  591  986.64 	 3.51e-08 	 34.90904286 	 -111.43881209 	    -5.3 	    -6.2 	 2.4
  592  987.98 	 2.13e-08 	 34.90904032 	 -111.43881347 	    -5.6 	    -6.3 	 2.2
  593  990.46 	 1.81e-08 	 34.90903983 	 -111.43881194 	    -5.6 	    -6.2 	 2.1
  594  991.94 	 1.62e-08 	 34.90903960 	 -111.43881097 	    -5.6 	    -6.1 	 2.1
  595  993.14 	 1.95e-08 	 34.90903960 	 -111.43880928 	    -5.6 	    -5.9 	 2.0
  596  998.40 	 2.48e-08 	 34.90904110 	 -111.43880309 	    -5.5 	    -5.4 	 2.1
  597  999.70 	 1.92e-08 	 34.90904100 	 -111.43880364 	    -5.5 	    -5.4 	 2.0
  598 1001.32 	 1.73e-08 	 34.90903994 	 -111.43880370 	    -5.6 	    -5.4 	 2.0
  599 1002.70 	 2.96e-08 	 34.90904005 	 -111.43880309 	    -5.6 	    -5.4 	 2.0
  600 1004.58 	 1.54e-08 	 34.90904019 	 -111.43880065 	    -5.6 	    -5.2 	 2.0
  601 1005.24 	 2.03e-08 	 34.90904020 	 -111.43880006 	    -5.6 	    -5.1 	 2.0
  602 1006.84 	 3.32e-08 	 34.90904030 	 -111.43879815 	    -5.6 	    -4.9 	 2.0
  603 1012.14 	 2.01e-08 	 34.90903943 	 -111.43879809 	    -5.7 	    -4.9 	 1.9
  604 1013.40 	 1.87e-08 	 34.90903840 	 -111.43879887 	    -5.8 	    -5.0 	 1.9
  605 1019.08 	 4.28e-08 	 34.90903600 	 -111.43879911 	    -6.0 	    -5.0 	 2.0
  606 1024.98 	 1.98e-08 	 34.90903779 	 -111.43879692 	    -5.9 	    -4.8 	 2.1
  607 1029.08 	 2.43e-08 	 34.90904219 	 -111.43879385 	    -5.4 	    -4.5 	 2.3
  608 1032.34 	 4.11e-08 	 34.90904621 	 -111.43879522 	    -4.9 	    -4.7 	 2.3
  609 1033.76 	 2.50e-08 	 34.90904756 	 -111.43879592 	    -4.8 	    -4.7 	 2.3
  610 1035.46 	 1.73e-08 	 34.90904988 	 -111.43879567 	    -4.5 	    -4.7 	 2.4
  611 1039.02 	 4.23e-08 	 34.90905509 	 -111.43879399 	    -3.9 	    -4.5 	 2.5
  612 1043.12 	 2.76e-08 	 34.90905762 	 -111.43879464 	    -3.6 	    -4.6 	 2.6
  613 1048.38 	 2.11e-08 	 34.90906031 	 -111.43879359 	    -3.3 	    -4.5 	 2.6
  614 1051.02 	 3.27e-08 	 34.90906011 	 -111.43879346 	    -3.4 	    -4.5 	 2.5
  615 1052.40 	 3.93e-08 	 34.90906088 	 -111.43879299 	    -3.3 	    -4.5 	 2.5
  616 1058.16 	 2.07e-08 	 34.90906548 	 -111.43878833 	    -2.8 	    -4.0 	 2.3
  617 1058.66 	 3.20e-08 	 34.90906588 	 -111.43878781 	    -2.7 	    -4.0 	 2.3
  618 1059.58 	 2.53e-08 	 34.90906660 	 -111.43878698 	    -2.6 	    -3.9 	 2.3
  619 1062.52 	 2.07e-08 	 34.90906800 	 -111.43878453 	    -2.5 	    -3.7 	 2.3
  620 1065.22 	 2.06e-08 	 34.90906849 	 -111.43878288 	    -2.4 	    -3.5 	 2.2
  621 1066.56 	 3.01e-08 	 34.90906850 	 -111.43878313 	    -2.4 	    -3.6 	 2.2
  622 1069.10 	 4.62e-08 	 34.90906800 	 -111.43878518 	    -2.5 	    -3.7 	 2.3
  623 1070.24 	 2.46e-08 	 34.90906684 	 -111.43878743 	    -2.6 	    -4.0 	 2.3
  624 1071.80 	 2.30e-08 	 34.90906390 	 -111.43879071 	    -2.9 	    -4.2 	 2.2
  625 1075.36 	 2.50e-08 	 34.90906133 	 -111.43879412 	    -3.2 	    -4.6 	 2.0
  626 1077.04 	 2.41e-08 	 34.90906024 	 -111.43879483 	    -3.4 	    -4.6 	 2.0
  627 1079.64 	 2.07e-08 	 34.90905886 	 -111.43879528 	    -3.5 	    -4.7 	 1.9
  628 1083.58 	 2.15e-08 	 34.90905798 	 -111.43879312 	    -3.6 	    -4.5 	 2.0
  629 1086.24 	 2.00e-08 	 34.90905862 	 -111.43878907 	    -3.5 	    -4.1 	 2.4
  630 1090.46 	 3.36e-08 	 34.90905877 	 -111.43878550 	    -3.5 	    -3.8 	 2.5
  631 1093.32 	 4.86e-08 	 34.90905920 	 -111.43878194 	    -3.5 	    -3.4 	 2.5
  632 1094.52 	 6.30e-08 	 34.90905985 	 -111.43878033 	    -3.4 	    -3.3 	 2.6
  633 1096.12 	 6.85e-08 	 34.90906197 	 -111.43877790 	    -3.2 	    -3.1 	 2.7
  634 1097.46 	 6.27e-08 	 34.90906425 	 -111.43877681 	    -2.9 	    -3.0 	 2.9
  635 1104.54 	 4.75e-08 	 34.90907400 	 -111.43877780 	    -1.8 	    -3.1 	 3.3
  636 1105.92 	 7.93e-08 	 34.90907359 	 -111.43877866 	    -1.9 	    -3.2 	 3.3
  637 1107.34 	 3.63e-08 	 34.90907236 	 -111.43877876 	    -2.0 	    -3.2 	 3.3
  638 1109.34 	 1.62e-08 	 34.90907074 	 -111.43878078 	    -2.2 	    -3.3 	 3.2
  639 1112.04 	 3.81e-08 	 34.90906712 	 -111.43878069 	    -2.6 	    -3.3 	 3.0
  640 1112.84 	 3.11e-08 	 34.90906574 	 -111.43877969 	    -2.7 	    -3.3 	 2.9
  641 1117.52 	 4.68e-07 	 34.90906440 	 -111.43877263 	    -2.9 	    -2.6 	 2.8
  642 1121.88 	 8.47e-07 	 34.90906494 	 -111.43876921 	    -2.8 	    -2.3 	 2.9
  643 1123.78 	 2.22e-07 	 34.90906698 	 -111.43877298 	    -2.6 	    -2.6 	 3.1
  644 1127.20 	 7.96e-08 	 34.90906670 	 -111.43877979 	    -2.6 	    -3.3 	 3.2
  645 1128.42 	 7.63e-08 	 34.90906660 	 -111.43878078 	    -2.6 	    -3.3 	 3.3
